7.1272167311320
2.19780329522618
0.619241659796226
-0.120230341178823
-0.526638758743001
-0.7696354294859092
-0.9220274615274636
-1.0200566663605151
-1.0836432399588343
-1.1245397195468708
-1.1500573677385650
-1.1649352434403099
-1.1694196273909022
-1.1723471490380904
-1.1731387363334793
-1.1737348749583451
-1.1741484985704193
-1.1743916836322532
-1.1744529172784574
-1.1744757142204434
-1.1744613708706800
-1.1744111412392317
-1.1742078365850950
-1.1738750427492034
-1.1734214182920817
-1.1728550795785838
-1.1709949198970180
-1.1685833733714593
-1.1624587268984588
-1.1550687376116094
-1.1468506970296887
-1.1381329571326480
-1.1291638361013193
-1.1201321168492218
-1.1111817652044391
-1.1024226060113263
-1.0939381299558790
-1.0857912373961321
-1.0780284841838287
-1.0706832334814249
-1.0637780088060211
-1.0573262688726617
-1.0513337722680178
-1.045799661432432
-1.040717365351395
-1.0360753951907599
-1.0318580848550934
-1.0280463083797348
-1.024618188410962
-1.021549795533649
-1.018815827696496
-1.0163902529506681
-1.012359959683166
-1.0092565162615862
-1.0068952238227406
-1.0051160061003838
-1.0037856585839706
-1.0027968163112547
-1.0020650572097059
-1.0015252518866137
-1.0011278808524173
-1.0008357076551804
-1.0004005485345376
-1.000197914480038